<includeonly>{{ {{{|safesubst:}}}#switch: {{{1}}}
| 760001001 = ZU/41.9/ST/26.6/TN/9.5/XH/7.0/15.1/
| 760002001 = ST/51.5/ZU/26.3/XH/6.1/TN/3.3/12.8/
| 760002002 = ST/58.6/ZU/18.8/XH/7.2/TN/3.0/12.4/
| 760002003 = ST/62.7/ZU/19.8/XH/7.3/TN/2.6/7.6/
| 760002004 = ST/66.8/ZU/16.4/XH/7.7/TN/2.4/6.6/
| 760003001 = ST/48.1/ZU/27.2/XH/9.1/TN/3.9/11.7/
| 760004001 = ST/66.5/ZU/16.9/XH/6.6/TN/2.8/7.2/
| 760004002 = ST/62.4/ZU/19.3/XH/8.0/TN/3.5/6.9/
| 760004003 = ST/73.8/ZU/11.8/XH/10.2/AF/1.3/2.9/
| 760004004 = ST/67.4/ZU/10.8/XH/10.3/AF/4.9/6.6/
| 760004005 = ST/58.4/ZU/25.4/XH/7.3/TN/2.3/6.6/
| 760004006 = ST/64.0/ZU/21.0/XH/5.8/SG/2.0/7.2/
| 760004007 = ST/67.4/ZU/12.8/XH/8.7/AF/2.9/8.2/
| 760004008 = ST/69.7/ZU/12.4/XH/9.3/AF/1.6/7.1/
| 760004009 = ST/57.3/ZU/22.1/XH/12.8/TN/1.4/6.4/
| 760004010 = ST/80.3/ZU/5.5/XH/3.5/TN/3.0/7.7/
| 760004011 = ST/79.5/ZU/7.5/XH/2.9/TN/2.8/7.3/
| 760004012 = ST/77.3/ZU/8.5/XH/5.1/NS/1.9/7.2/
| 760004013 = ST/73.1/ZU/12.5/XH/6.1/TN/2.4/6.0/
| 760004014 = ST/69.0/ZU/10.5/XH/8.1/EN/2.8/9.6/
| 760004015 = ST/59.6/ZU/14.3/XH/13.2/AF/3.8/9.1/
| 760004016 = ST/68.5/ZU/12.4/XH/6.6/TN/3.2/9.3/
| 760004017 = ST/69.3/ZU/12.0/XH/6.2/EN/3.5/9.0/
| 760004018 = XH/50.3/ST/28.3/ZU/10.9/NS/3.5/7.1/
| 760004019 = ST/65.0/ZU/11.7/XH/9.8/NS/4.0/9.5/
| 760004020 = XH/77.7/NS/9.2/ZU/3.7/ST/3.2/6.1/
| 760004021 = ST/68.1/XH/13.8/ZU/10.0/TN/1.4/6.6/
| 760004022 = /////////
| 760004023 = ST/61.4/ZU/16.7/XH/9.1/TS/2.8/10.0/
| 760005001 = ST/70.0/ZU/10.2/XH/9.5/SG/1.9/8.4/
| 760006001 = AF/43.4/ST/32.6/XH/10.1/EN/7.8/6.2/
| 760006002 = ST/45.3/AF/26.7/XH/8.1/ZU/6.6/13.2/
| 760006003 = ST/60.8/ZU/20.3/AF/19.0////
| 760006004 = AF/55.6/ST/24.4/EN/9.8/ZU/5.3/4.9/
| 760007001 = ST/48.4/ZU/15.9/NS/9.3/TN/7.9/18.4/
| 760008001 = ST/45.5/XH/15.4/AF/14.7/ZU/9.1/15.4/
| 760008002 = ST/38.7/TN/16.3/ZU/14.5/EN/11.7/18.8/
| 760008003 = ZU/75.0/ST/25.0//////
| 760008004 = /////////
| 760008005 = ST/60.0/ZU/40.0//////
| 760008006 = AF/58.9/ST/15.3/XH/13.2/EN/5.1/7.5/
| 760008007 = AF/61.5/ST/31.0/EN/2.2/ZU/2.2/3.1/
| 760008008 = AF/53.7/ST/23.2/EN/7.4/XH/6.5/9.2/
| 760008009 = AF/79.6/EN/8.0/XH/6.2/ST/5.3/0.9/
| 760008010 = /////////
| 760008011 = ST/34.8/AF/25.7/EN/9.9/ZU/9.7/19.9/
| 760008012 = ST/35.1/AF/30.5/ZU/8.9/EN/6.7/18.7/
| 760008013 = ST/48.2/AF/20.3/ZU/8.6/XH/5.7/17.2/
| 760008014 = EN/80.0/ZU/20.0//////
| 760008015 = AF/49.3/ST/15.9/ZU/7.2/EN/6.7/20.9/
| 760008016 = AF/43.2/ST/15.6/EN/7.7/ZU/6.6/26.9/
| 760008017 = AF/58.5/ST/16.7/EN/6.5/ZU/4.5/13.8/
| 760008018 = ST/21.3/ZU/13.2/TN/13.2/AF/12.5/39.9/
| 760008019 = AF/41.3/ST/21.4/EN/9.9/ZU/5.5/22.0/
| 760008020 = AF/59.0/ST/13.9/EN/7.7/ZU/4.5/14.9/
| 760008021 = ST/69.9/ZU/9.0/XH/8.7/AF/2.2/10.3/
| 760008022 = ST/56.4/AF/15.7/ZU/9.3/XH/6.2/12.4/
| 760008023 = AF/69.7/ST/9.7/EN/6.5/ZU/4.5/9.7/
| 760008024 = AF/71.2/ST/12.8/EN/5.4/XH/4.0/6.7/
| 760008025 = AF/66.9/ST/16.0/EN/9.7/XH/3.1/4.3/
| 760008026 = AF/79.3/ST/10.5/EN/3.7/ZU/3.3/3.3/
| 760008027 = AF/45.1/EN/16.2/ST/15.0/ZU/6.0/17.6/
| 760008028 = AF/64.2/ST/20.8/XH/3.8/EN/1.9/9.4/
| 760008029 = AF/59.2/ST/16.4/EN/6.6/VE/3.8/14.1/
| 760008030 = AF/78.8/EN/15.5/ST/3.6///2.2/
| 760008031 = AF/74.2/EN/13.9/ST/5.8/ZU/1.2/4.9/
| 760008032 = AF/53.8/ST/11.5/EN/10.7/ZU/4.1/19.9/
| 760008033 = AF/63.2/ST/12.8/EN/9.4/ZU/4.0/10.6/
| 760008034 = AF/40.3/ST/20.1/EN/9.4/ZU/7.2/22.9/
| 760008035 = AF/75.4/XH/8.7/EN/5.8/ST/4.3/5.8/
| 760008036 = AF/38.8/EN/13.9/ST/10.1/TN/7.1/30.0/
| 760008037 = AF/72.9/EN/10.2/ST/7.8/ZU/2.7/6.4/
| 760008038 = AF/73.4/EN/15.3/ST/4.7/ZU/1.7/4.9/
| 760008039 = AF/71.5/EN/18.0/ST/3.4/ZU/1.1/6.0/
| 760008040 = AF/79.1/EN/12.2/ST/3.3///5.4/
| 760008041 = AF/69.5/EN/14.1/ST/6.9/ZU/2.4/7.1/
| 760008042 = AF/28.7/EN/15.6/ST/9.2/ZU/7.6/38.9/
| 760008043 = ST/76.5/ZU/23.5//////
| 760008044 = AF/49.1/EN/19.4/ST/18.6/ZU/5.4/7.4/
| 760008045 = AF/46.2/EN/17.5/ST/15.5/ZU/5.0/15.8/
| 760008046 = AF/75.8/EN/16.6/ST/3.6///4.0/
| 760008047 = AF/77.7/ST/13.6/EN/5.8///2.9/
| 760008048 = AF/53.8/ST/42.5/ZU/1.9///1.9/
| 760008049 = AF/73.3/ST/16.7/ZU/5.6/XH/2.2/2.2/
| 760008050 = AF/58.9/ST/19.3/EN/7.8/XH/4.7/9.3/
| 760008051 = AF/70.4/ST/12.7/EN/12.0/TS/1.4/3.5/
| 760008052 = AF/45.1/ST/26.7/EN/9.1/ZU/7.2/11.8/
| 760008053 = ST/43.9/EN/15.3/AF/8.9/ZU/8.9/22.9/
| 760008054 = ST/46.7/ZU/18.7/EN/14.7/AF/8.0/12.0/
| 760008055 = ST/42.7/EN/20.6/AF/15.3/NS/6.1/15.3/
| 760008056 = AF/40.3/EN/19.6/ST/19.3/XH/4.9/15.9/
| 760008057 = AF/66.2/ST/10.9/EN/10.0/ZU/3.6/9.3/
| 760008058 = AF/58.3/EN/19.4/ST/16.1/TN/2.2/3.9/
| 760008059 = AF/100.0////////
| 760008060 = AF/31.8/ST/31.8/EN/17.4/XH/7.2/11.9/
| 760008061 = ST/55.8/ZU/17.9/XH/8.8/EN/8.3/9.2/
| 760008062 = AF/33.6/ST/31.3/EN/11.5/ZU/6.1/17.6/
| 760008063 = ST/37.3/AF/29.3/EN/13.3/TS/8.0/12.0/
| 760008064 = ST/43.4/ZU/22.6/EN/7.5/XH/5.7/20.8/
| 760008065 = ST/32.1/XH/25.5/EN/12.4/AF/7.3/22.6/
| 760008066 = ST/55.4/EN/13.3/AF/9.5/XH/8.4/13.3/
| 760008067 = AF/59.2/ST/13.1/EN/12.7/ZU/5.6/9.4/
| 760009001 = ST/56.7/ZU/23.8/TN/5.2/XH/4.6/9.8/
| 760009002 = ST/60.4/ZU/21.7/XH/6.6/TN/2.8/8.5/
| 760009003 = ST/39.8/EN/19.9/AF/10.8/ZU/10.2/19.3/
| 760009004 = ST/23.9/ZU/19.8/AF/18.8/XH/16.8/20.8/
| 760009005 = ST/29.5/EN/20.5/AF/16.7/XH/12.1/21.2/
| 760009006 = ST/33.8/AF/20.8/EN/11.6/ZU/8.8/25.0/
| 760009007 = ST/61.3/ZU/18.6/XH/10.6/AF/2.0/7.5/
| 760009008 = EN/78.1/ST/7.3/AF/5.6/TN/2.3/6.8/
| 760009009 = EN/74.4/ST/7.5/AF/5.7/TN/1.4/10.9/
| 760009010 = NS/40.0/XH/20.0/////40.0/
| 760009011 = ZU/100.0////////
| 760009012 = ST/34.0/EN/25.5/AF/14.9/ZU/10.6/14.9/
| 760009013 = AF/52.5/ST/20.0/XH/10.1/EN/6.5/10.9/
| 760009014 = AF/60.4/ST/19.7/EN/9.8/NS/2.1/8.0/
| 760009015 = AF/59.2/ST/18.4/EN/9.2/ZU/6.3/6.8/
| 760009016 = AF/59.9/ST/26.0/XH/5.1/EN/4.5/4.5/
| 760009017 = AF/64.5/ST/7.8/EN/7.4/ZU/6.5/13.8/
| 760009018 = AF/50.3/ST/26.9/ZU/12.6/EN/3.6/6.6/
| 760009019 = AF/55.8/ST/21.6/ZU/6.7/EN/5.2/10.8/
| 760009020 = ST/46.9/AF/16.1/ZU/15.0/EN/8.1/13.9/
| 760009021 = ST/43.7/AF/18.9/EN/12.3/ZU/10.4/14.7/
| 760009022 = /////////
| 760009023 = AF/59.9/ZU/21.8/EN/6.5/SG/5.0/6.7/
| 760009024 = AF/68.7/ST/13.8/EN/9.1/ZU/3.4/5.0/
| 760009025 = AF/48.3/EN/18.9/ST/18.9/ZU/7.7/6.3/
| 760009026 = AF/100.0////////
| 760009027 = AF/62.7/ST/14.2/EN/13.7/ZU/3.5/5.9/
| 760009028 = AF/59.1/EN/17.7/ST/11.8/ZU/4.0/7.3/
| 760009029 = AF/70.4/EN/12.0/ST/8.2/ZU/3.7/5.7/
| 760009030 = AF/62.2/ST/16.4/EN/9.4/XH/3.5/8.5/
| 760009031 = AF/55.9/ST/23.5/ZU/5.9/EN/4.6/10.1/
| 760009032 = ST/30.6/AF/18.2/EN/17.1/ZU/9.5/24.6/
| 760009033 = ST/88.2/ZU/5.9/TS/5.9////
| 760009034 = ST/38.5/AF/22.6/TS/15.8/EN/5.6/17.5/
| 760009035 = ST/43.6/AF/14.3/ZU/13.3/XH/4.9/23.9/
| 760009036 = ST/53.9/AF/16.4/ZU/12.3/XH/5.7/11.7/
| 760009037 = ST/49.1/AF/21.7/ZU/13.3/TN/2.7/13.2/
| 760009038 = ST/70.0/ZU/11.5/AF/6.1/XH/4.0/8.4/
| 760009039 = AF/65.4/EN/21.4/ST/5.6/ZU/2.0/5.5/
| 760009040 = AF/58.5/EN/23.1/ST/9.0/ZU/3.9/5.4/
| 760009041 = AF/31.6/ST/26.9/ZU/12.0/XH/9.0/20.5/
| 760009042 = AF/27.0/ST/25.2/EN/15.5/ZU/9.8/22.5/
| 760009043 = ST/30.9/AF/13.7/ZU/13.7/XH/13.4/28.2/
| 760009044 = ST/26.9/ZU/20.9/AF/15.0/XH/14.0/23.2/
| 760009045 = /////////
| 760009046 = ST/36.9/ZU/13.1/TN/9.5/NS/9.0/31.5/
| 760009047 = ZU/16.9/ST/14.9/TS/12.4/SS/12.1/43.7/
| 760009048 = ST/28.4/AF/25.5/EN/13.0/ZU/8.6/24.5/
| 760010001 = ST/69.9/XH/9.8/ZU/9.5/TS/2.0/8.9/
| 760011001 = ST/53.1/XH/15.6/ZU/14.5/NS/4.8/12.0/
| 760012001 = ST/76.4/XH/6.8/ZU/6.5/TN/3.1/7.3/
| 760013001 = ST/69.4/XH/10.7/ZU/9.3/AF/1.7/9.0/
| 760014001 = ST/45.0/AF/30.4/EN/11.9/ZU/5.3/7.3/
| 761001001 = ZU/21.4/NS/16.2/AF/12.3/EN/11.0/39.0/
| 761002001 = EN/46.1/AF/25.6/ZU/7.6/ST/5.1/15.5/
| 761002002 = ST/42.6/AF/15.9/ZU/13.9/EN/9.9/17.7/
| 761002003 = AF/42.1/ZU/23.0/EN/18.7/NS/3.3/12.9/
| 761002004 = AF/31.5/EN/27.6/ZU/14.6/ST/11.3/15.0/
| 761002005 = EN/39.2/AF/33.8/ST/9.2/ZU/6.6/11.2/
| 761002006 = EN/32.1/AF/32.0/ST/10.7/ZU/8.5/16.9/
| 761002007 = EN/22.2/AF/21.3/ST/19.2/ZU/18.8/18.4/
| 761002008 = AF/54.8/EN/13.6/ZU/6.8/TS/6.8/17.9/
| 761002009 = ZU/36.4/ST/24.5/XH/8.6/AF/7.9/22.5/
| 761002010 = AF/39.8/ST/25.7/EN/12.0/ZU/9.7/12.8/
| 761002011 = AF/41.1/ST/23.5/EN/15.8/ZU/8.0/11.6/
| 761002012 = AF/45.9/ST/34.0/EN/7.2/ZU/6.4/6.4/
| 761003001 = ST/57.3/NS/11.2/ZU/9.6/XH/9.0/13.0/
| 761003002 = AF/42.1/EN/28.0/ST/9.1/ZU/8.0/12.8/
| 761004001 = AF/26.0/EN/21.7/ST/20.2/ZU/12.2/19.9/
| 761004002 = EN/38.3/ZU/16.3/AF/13.7/ST/11.0/20.7/
| 761004003 = EN/44.1/AF/17.6/ZU/11.3/ST/10.4/16.6/
| 761004004 = EN/44.4/AF/13.4/ZU/12.5/ST/9.8/19.8/
| 761004005 = EN/54.6/AF/11.7/ZU/10.1/ST/7.9/15.8/
| 761004006 = ZU/36.9/ST/18.3/XH/9.7/EN/9.6/25.6/
| 761004007 = EN/38.4/AF/17.4/ZU/13.6/ST/12.5/18.2/
| 761004008 = ZU/21.6/ST/16.5/EN/15.8/AF/9.0/37.1/
| 761004009 = EN/36.7/AF/27.0/ST/11.6/ZU/11.2/13.5/
| 761005001 = ST/31.3/ZU/24.7/EN/11.8/XH/7.9/24.2/
| 761005002 = ST/21.5/ZU/20.4/AF/19.8/EN/17.6/20.7/
| 761005003 = EN/52.9/AF/37.1/ST/4.3///5.7/
| 761006001 = AF/39.1/ZU/14.1/ST/13.5/EN/10.5/22.8/
| 761006002 = EN/48.2/AF/27.6/ST/7.0/ZU/4.4/12.7/
| 761006003 = AF/26.1/EN/23.7/ST/22.7/ZU/11.0/16.5/
| 761006004 = /////////
| 761006005 = AF/47.0/EN/12.9/ZU/12.9/ST/10.0/17.2/
| 761006006 = EN/41.9/AF/27.9/ZU/9.8/ST/7.8/12.6/
| 761006007 = ST/51.0/ZU/16.7/XH/11.7/AF/3.7/16.9/
| 761006008 = ST/33.4/ZU/22.3/EN/12.0/AF/11.6/20.7/
| 761006009 = AF/29.6/EN/20.7/ST/19.6/ZU/17.3/12.8/
| 761006010 = AF/71.9/EN/23.9/ST/1.2///3.0/
| 761006011 = AF/78.0/EN/19.3/ST/2.0///0.7/
| 761006012 = AF/83.8/EN/11.6/ST/1.3/ZU/1.1/2.3/
| 761006013 = ST/47.7/ZU/21.9/XH/10.0/NS/4.3/16.0/
| 761006014 = /////////
| 761006015 = AF/78.7/EN/7.9/ST/5.0/ZU/3.9/4.5/
| 761006016 = /////////
| 761006017 = AF/40.7/ST/29.1/EN/10.5/ZU/5.5/14.2/
| 761006018 = AF/43.7/ST/28.8/EN/8.0/XH/8.0/11.5/
| 761006019 = AF/85.6/EN/7.2/ST/3.2/ZU/1.2/2.8/
| 761006020 = AF/63.2/ST/14.6/EN/8.4/ZU/7.1/6.8/
| 761006021 = AF/80.4/EN/7.7/ST/5.4/ZU/1.3/5.1/
| 761006022 = AF/90.5/EN/4.8/ST/2.2///2.5/
| 761006023 = AF/70.3/EN/9.2/ST/8.2/TN/4.0/8.3/
| 761006024 = AF/58.1/ST/11.3/EN/9.7/ZU/9.2/11.8/
| 761006025 = AF/56.7/ST/22.6/EN/7.5/ZU/5.7/7.6/
| 761006026 = AF/49.5/ST/31.5/EN/5.0/ZU/3.8/10.2/
| 761006027 = AF/51.4/ST/22.0/EN/12.5/ZU/5.9/8.2/
| 761006028 = AF/74.3/EN/15.4/ST/4.6/ZU/1.4/4.4/
| 761006029 = AF/58.4/ST/18.7/EN/8.2/ZU/6.6/8.1/
| 761006030 = AF/52.5/ST/19.7/EN/14.7/XH/2.5/10.5/
| 761006031 = AF/54.7/ST/28.8/EN/10.5/ZU/3.6/2.4/
| 761007001 = EN/52.7/AF/23.7/ST/4.1/ZU/3.4/16.1/
| 761008001 = ST/62.0/ZU/21.5/XH/6.0/TS/2.1/8.5/
| 761009001 = ST/53.2/AF/18.2/EN/13.6/ZU/7.1/7.8/
| 761010001 = ST/55.3/ZU/15.4/XH/6.2/TS/1.7/21.4/
| 761011001 = EN/26.2/AF/25.5/ST/19.1/ZU/8.7/20.5/
| 762001001 = AF/59.4/ZU/13.6/EN/11.7/ND/3.4/11.9/
| 762002001 = ZU/66.7/ND/8.4/XH/4.4/ST/3.4/17.1/
| 762002002 = /////////
| 762003001 = AF/41.4/ZU/21.0/EN/15.3/ND/3.8/18.5/
| 762004001 = AF/67.8/ZU/9.3/TN/7.9/ST/7.0/7.9/
| 762004002 = ZU/33.6/AF/31.8/ST/11.5/EN/6.0/17.0/
| 762005001 = ZU/73.5/ND/11.7/ST/6.5/XH/3.0/5.3/
| 762005002 = ZU/68.1/ND/13.9/ST/7.4/XH/4.7/5.9/
| 762005003 = ZU/75.1/ND/11.6/ST/5.1/XH/2.6/5.6/
| 762006001 = AF/41.9/ZU/26.2/EN/11.6/ND/7.0/13.4/
| 762007001 = TN/19.0/NS/18.1/AF/16.2/ZU/16.2/30.5/
| 762008001 = ZU/75.1/ST/14.1/NS/4.3/AF/2.2/4.3/
| 762009001 = ZU/52.1/NS/14.6/AF/11.5/ND/5.2/16.7/
| 762010001 = AF/67.9/EN/14.3/ZU/7.8/ST/6.2/3.8/
| 762011001 = AF/59.2/ZU/14.7/EN/10.8/ST/5.8/9.5/
| 762012001 = ZU/49.3/ST/17.8/AF/9.5/EN/5.3/18.1/
| 762012002 = ZU/42.2/AF/26.5/ST/16.1/XH/7.2/8.1/
| 762013001 = AF/73.4/ZU/9.2/EN/4.6/ST/2.8/10.1/
| 762014001 = AF/19.8/XH/13.5/NS/12.5/ND/11.5/42.7/
| 762014002 = AF/78.0/EN/16.8/ST/2.0/ZU/1.7/1.5/
| 762014003 = AF/79.1/EN/13.1/ST/2.2/ZU/1.3/4.3/
| 762014004 = AF/73.7/EN/13.5/ZU/3.6/ST/2.5/6.6/
| 762014005 = AF/53.8/ZU/15.0/EN/10.9/ST/7.4/12.8/
| 762014006 = NS/55.0/AF/21.6/ZU/9.0/VE/3.6/10.8/
| 762014007 = AF/77.2/EN/7.8/ZU/5.2/ST/2.9/6.9/
| 762014008 = AF/56.5/EN/9.8/ZU/9.5/ST/7.8/16.5/
| 762014009 = AF/48.0/ZU/20.8/ST/11.4/EN/5.0/14.9/
| 762014010 = EN/40.7/ZU/28.5/ST/14.5/XH/3.2/13.1/
| 762014011 = AF/80.1/EN/12.3/ST/1.3///6.2/
| 762014012 = ZU/47.6/ST/36.4/XH/4.5/ND/1.9/9.6/
| 762015001 = ZU/39.1/ST/36.4/XH/19.2/AF/1.7/3.6/
| 762015002 = ZU/47.0/ST/37.4/XH/5.7/SG/2.1/7.8/
| 762015003 = ZU/52.7/ST/32.5/XH/5.3/ND/1.9/7.6/
| 762015004 = ZU/52.2/ST/33.8/XH/3.9/EN/2.1/8.0/
| 762015005 = ZU/61.0/ST/20.7/EN/4.1/XH/3.8/10.4/
| 762015006 = ZU/46.9/ST/35.6/XH/8.3/TS/2.8/6.4/
| 762015007 = ZU/52.1/ST/35.3/XH/4.4/SG/1.8/6.4/
| 762015008 = ZU/48.5/ST/39.6/XH/5.3/AF/1.3/5.3/
| 763001001 = EN/43.2/ZU/15.5/AF/12.2/TN/7.9/21.2/
| 763001002 = TN/45.6/AF/11.6/NS/7.3/ZU/6.9/28.6/
| 763001003 = /////////
| 763001004 = /////////
| 763001005 = VE/33.3/TN/14.3/ND/9.5/XH/9.5/33.3/
| 763001006 = TN/70.7/EN/5.6/ST/4.9/AF/4.7/14.2/
| 763001007 = TN/47.7/AF/21.2/EN/12.0/ZU/5.8/13.2/
| 763001008 = TN/36.3/AF/31.9/EN/10.6/ZU/6.4/14.7/
| 763001009 = TN/16.5/NS/15.1/ZU/14.5/TS/10.0/44.0/
| 763001010 = TN/43.3/AF/15.3/EN/9.3/ST/9.0/23.1/
| 763001011 = ZU/18.9/EN/15.5/TN/11.8/NS/10.2/43.6/
| 763001012 = TN/16.3/ZU/14.9/EN/14.5/NS/12.1/42.1/
| 763001013 = AF/27.2/EN/21.4/TN/14.1/ZU/6.3/31.1/
| 763001014 = TN/36.7/AF/26.6/EN/8.7/ZU/8.2/19.8/
| 763001015 = TN/45.3/AF/20.5/EN/13.7/ZU/7.7/12.8/
| 763002001 = EN/24.7/ZU/14.2/AF/13.0/TN/12.8/35.3/
| 763003001 = ZU/19.0/TN/14.7/VE/12.9/XH/8.7/44.7/
| 763004001 = EN/24.5/VE/21.0/TN/15.6/AF/13.8/25.1/
| 763004002 = AF/32.3/EN/31.0/TN/12.2/ZU/7.1/17.4/
| 763004003 = AF/43.0/EN/26.6/TN/9.7/ZU/6.8/14.0/
| 763004004 = TN/32.5/VE/16.3/NS/11.0/AF/9.4/30.8/
| 763004005 = EN/18.0/TN/16.8/VE/14.1/AF/12.9/38.1/
| 763004006 = TN/29.1/NS/18.5/ZU/11.2/VE/8.9/32.3/
| 763004007 = TN/19.2/ZU/15.1/ST/10.1/EN/8.4/47.1/
| 763004008 = AF/46.9/EN/35.3/ZU/4.8/TN/4.1/8.9/
| 763004009 = AF/36.9/EN/26.8/TN/10.5/ZU/5.9/19.8/
| 763004010 = AF/19.6/ST/18.8/EN/17.1/VE/10.0/34.4/
| 763004011 = EN/46.8/AF/30.1/ZU/6.6/TN/5.5/11.1/
| 763004012 = TN/40.8/XH/12.4/ZU/9.5/TS/8.2/29.1/
| 763004013 = AF/73.0/EN/18.8/TN/3.7/ST/1.0/3.5/
| 763004014 = AF/65.7/EN/23.1/TN/3.5/ZU/2.2/5.6/
| 763004015 = AF/70.0/EN/13.5/TN/10.1/ZU/2.1/4.3/
| 763004016 = AF/71.1/EN/19.1/TN/3.4/ST/1.3/5.0/
| 763004017 = AF/63.0/EN/26.6/TN/3.4/ST/1.5/5.5/
| 763004018 = AF/64.2/EN/24.4/TN/3.6/ST/1.9/5.9/
| 763004019 = AF/48.1/EN/43.9/TN/3.1/ST/1.7/3.2/
| 763004020 = AF/60.8/EN/20.8/TN/7.0/ST/2.8/8.5/
| 763004021 = AF/36.2/EN/18.3/TN/12.4/ZU/7.0/26.1/
| 763004022 = TN/31.3/AF/22.3/EN/10.3/ZU/10.1/26.0/
| 763004023 = TN/52.3/ST/10.8/XH/7.8/NS/7.4/21.7/
| 763004024 = TN/26.4/TS/16.3/XH/9.3/ST/8.7/39.2/
| 763004025 = AF/30.2/TN/14.1/EN/10.4/ST/10.2/35.1/
| 763004026 = TN/71.4/NS/14.3/////14.3/
| 763004027 = ZU/35.0/ST/35.0/EN/20.0/ND/10.0//
| 763004028 = AF/60.7/TN/13.0/EN/9.9/TS/3.4/12.9/
| 763004029 = AF/52.3/TN/11.2/EN/9.5/XH/6.2/20.7/
| 763004030 = AF/62.1/EN/14.1/TN/10.2/XH/4.5/9.1/
| 763004031 = AF/77.3/TN/5.9/SG/5.5/EN/3.8/7.5/
| 763004032 = AF/76.6/EN/6.5/TN/6.3/ZU/2.4/8.2/
| 763004033 = AF/73.8/TN/8.0/EN/7.9/ZU/4.2/6.1/
| 763004034 = AF/54.5/EN/14.7/TN/12.9/ZU/3.9/14.1/
| 763004035 = AF/37.2/TN/12.4/NS/10.9/EN/8.5/31.0/
| 763004036 = TN/30.9/AF/21.2/ZU/12.7/NS/7.8/27.3/
| 763004037 = AF/48.5/TN/18.2/EN/7.6/ZU/4.9/20.8/
| 763004038 = AF/19.9/TN/18.4/ZU/15.5/EN/12.0/34.2/
| 763004039 = AF/48.4/EN/33.6/TN/5.9/ZU/2.4/9.8/
| 763004040 = AF/86.7/EN/4.8/ZU/3.0/TN/2.4/3.0/
| 763004041 = AF/66.7/EN/17.5/TN/6.1/ZU/2.1/7.6/
| 763004042 = TN/43.8/ZU/25.0/ST/18.8/AF/6.2/6.2/
| 763004043 = AF/62.7/EN/26.3/TN/3.3/ST/1.6/6.1/
| 763004044 = AF/67.4/EN/22.6/TN/3.0/ZU/1.6/5.4/
| 763004045 = AF/68.1/EN/23.0/TN/2.1/ZU/2.0/4.8/
| 763004046 = AF/55.9/EN/15.0/TN/7.9/ZU/7.3/13.9/
| 763004047 = AF/48.3/TN/16.5/EN/8.4/ZU/7.9/18.9/
| 763004048 = TN/35.2/AF/15.6/ZU/11.4/EN/7.9/30.0/
| 763004049 = AF/21.2/TN/21.2/ZU/11.3/EN/8.6/37.7/
| 763004050 = AF/37.1/TN/14.1/EN/12.7/ZU/8.0/28.1/
| 763004051 = XH/23.1/TN/20.0/TS/18.0/NS/15.6/23.4/
| 763004052 = TN/22.5/AF/12.7/ST/10.8/EN/8.8/45.1/
| 763004053 = EN/59.8/TN/17.0/XH/4.8/AF/3.8/14.6/
| 763005001 = TN/67.2/ZU/6.7/XH/6.5/ST/5.3/14.3/
| 763006001 = TN/29.2/AF/19.1/EN/16.6/ZU/10.3/24.8/
| 763006002 = TN/66.6/ZU/8.8/EN/5.7/ST/4.3/14.7/
| 763007001 = TN/70.1/XH/5.1/ZU/4.5/ST/3.9/16.4/
| 763008001 = AF/41.9/EN/38.0/TN/13.7/ZU/1.8/4.6/
| 763009001 = TN/33.0/AF/21.9/EN/8.9/NS/8.9/27.3/
| 763010001 = TN/35.6/XH/15.9/ZU/14.0/TS/7.6/26.9/
| 763010002 = TN/46.1/ZU/13.4/ST/12.2/XH/7.9/20.5/
| 763010003 = TN/44.3/ZU/33.8/ST/5.5/XH/5.3/11.1/
| 763010004 = TN/51.3/XH/20.5/ZU/7.3/NS/6.7/14.3/
| 763010005 = TN/52.7/XH/13.2/NS/8.5/ST/6.6/19.0/
| 763010006 = TN/38.5/ZU/19.0/XH/10.8/NS/7.2/24.5/
| 763010007 = TN/51.6/XH/17.9/ZU/6.7/NS/6.4/17.4/
| 763010008 = TN/50.5/ZU/10.9/ST/10.3/XH/9.8/18.5/
| 763010009 = TN/40.2/ZU/14.7/XH/9.4/ST/8.6/27.1/
| 763010010 = TN/65.3/ST/8.4/ZU/7.8/XH/5.8/12.6/
| 763010011 = TN/57.4/XH/13.2/ZU/11.3/ST/5.2/12.9/
| 763010012 = TN/51.1/XH/14.5/ZU/11.7/ST/8.7/13.9/
| 763010013 = TN/32.1/ZU/26.6/ST/12.9/XH/10.4/17.9/
| 763010014 = TN/45.7/XH/16.9/ZU/16.1/ST/7.4/13.8/
| 763010015 = TN/42.0/ZU/16.8/XH/9.5/TS/8.6/23.0/
| 763010016 = TN/55.6/ZU/14.6/XH/13.1/ST/5.1/11.6/
| 763010017 = TN/33.9/ZU/23.3/XH/10.2/NS/7.6/24.9/
| 763010018 = TN/34.2/ZU/20.0/XH/10.2/ST/9.4/26.3/
| 763010019 = TN/34.9/ZU/24.5/ST/9.5/XH/9.3/21.7/
| 763010020 = TN/49.0/XH/14.5/ZU/12.7/ST/6.7/17.1/
| 763010021 = TN/44.9/XH/11.9/ZU/11.6/TS/8.3/23.3/
| 763010022 = TN/42.3/ZU/15.3/XH/12.3/ST/8.2/21.9/
| 763011001 = XH/22.9/TN/21.6/ZU/20.8/TS/14.5/20.3/
| 763011002 = TN/30.4/ZU/18.2/XH/13.2/TS/13.1/25.1/
| 763011003 = ZU/33.7/TN/22.6/XH/13.9/ST/9.3/20.4/
| 763011004 = XH/27.8/TN/21.7/ZU/21.5/TS/8.8/20.2/
| 763011005 = ZU/33.6/TN/24.8/XH/10.2/ST/8.0/23.4/
| 764001001 = TN/25.2/XH/19.5/ST/13.6/ZU/13.1/28.6/
| 764002001 = AF/42.3/EN/24.4/TN/13.3/XH/4.0/16.0/
| 764002002 = TN/43.9/ST/14.3/AF/7.1/XH/6.3/28.4/
| 764002003 = AF/50.9/EN/20.3/ST/7.2/ZU/6.4/15.2/
| 764002004 = AF/69.6/TN/12.2/ST/7.9/EN/2.4/7.8/
| 764002005 = AF/37.3/TN/28.9/TS/5.5/ST/5.3/23.0/
| 764002006 = AF/51.8/TN/23.5/TS/7.4/EN/5.1/12.2/
| 764002007 = AF/64.2/TN/10.1/EN/9.9/ST/3.7/12.2/
| 764002008 = AF/57.3/TN/15.6/EN/13.8/ZU/4.2/9.1/
| 764002009 = AF/48.9/TN/23.7/EN/6.3/ST/5.5/15.6/
| 764002010 = AF/66.8/TN/16.1/EN/6.8/ZU/4.5/5.8/
| 764002011 = AF/34.7/TN/18.3/EN/17.6/ZU/9.2/20.1/
| 764002012 = AF/65.6/EN/14.9/TN/6.8/ZU/2.8/9.9/
| 764002013 = AF/45.3/EN/14.8/TN/12.1/ZU/7.2/20.5/
| 764002014 = ST/18.0/ZU/15.7/TN/15.7/XH/13.6/36.9/
| 764002015 = EN/46.7/AF/28.9/NS/15.6/TN/4.4/4.4/
| 764002016 = AF/56.1/TN/13.5/ST/9.4/EN/8.2/12.7/
| 764002017 = AF/33.8/TN/25.8/EN/10.4/ST/7.1/22.9/
| 764002018 = AF/64.9/TN/11.4/EN/8.0/ZU/3.2/12.5/
| 764002019 = AF/78.0/EN/10.2/TN/4.7/ZU/2.1/5.1/
| 764002020 = AF/63.3/TN/19.4/EN/5.9/ST/3.7/7.7/
| 764002021 = AF/80.9/EN/7.4/TN/4.6/ZU/2.5/4.6/
| 764002022 = AF/63.7/TN/11.5/EN/10.7/ST/3.2/11.0/
| 764002023 = AF/74.8/EN/10.8/TN/6.3/ST/2.3/5.9/
| 764002024 = /////////
| 764002025 = TN/34.4/ST/10.9/AF/8.5/NS/7.8/38.5/
| 764002026 = AF/50.2/TN/12.9/EN/11.7/ST/6.4/18.8/
| 764002027 = TN/57.4/NS/13.0/XH/9.3/ST/8.4/11.8/
| 764002028 = TN/76.3/ST/7.1/XH/7.0/ZU/4.9/4.7/
| 764002029 = AF/43.0/TN/27.5/EN/7.8/XH/5.1/16.5/
| 764002030 = AF/71.7/TN/11.6/EN/4.1/ST/2.7/9.9/
| 764002031 = TN/37.5/XH/18.1/ST/15.2/ZU/10.3/18.9/
| 764002032 = TN/34.3/AF/12.2/XH/12.0/ST/11.5/29.9/
| 764002033 = AF/58.6/TN/14.8/XH/6.3/ST/5.6/14.6/
| 764002034 = AF/54.2/TN/19.7/EN/9.5/XH/4.0/12.6/
| 764002035 = AF/51.9/TN/25.9/EN/5.3/XH/4.2/12.7/
| 764002036 = TN/33.9/NS/31.6/TS/11.7/ST/5.5/17.4/
| 764002037 = AF/37.1/TN/29.0/XH/7.6/ST/6.9/19.4/
| 764002038 = TN/49.7/XH/16.6/ST/8.9/NS/7.4/17.5/
| 764002039 = TN/38.7/AF/15.5/ZU/14.5/XH/11.6/19.7/
| 764002040 = AF/37.4/TN/21.8/ZU/10.8/ST/9.5/20.6/
| 764002041 = AF/61.8/TN/15.5/ST/5.2/EN/4.3/13.2/
| 764002042 = AF/55.4/TN/15.8/ZU/6.5/TS/4.6/17.7/
| 764002043 = XH/22.4/TS/20.2/ZU/16.2/EN/10.2/30.9/
| 764003001 = TN/46.3/AF/11.8/ST/9.1/TS/7.9/24.9/
| 764004001 = TN/47.6/XH/16.7/NS/10.6/ZU/9.5/15.6/
| 764004002 = TN/51.1/XH/10.9/ZU/10.8/ST/10.4/16.8/
| 764004003 = TN/59.0/XH/10.2/ZU/8.9/ST/7.0/14.9/
| 764004004 = TN/55.1/XH/15.2/ZU/8.5/ST/5.8/15.4/
| 764004005 = TN/60.5/XH/13.6/ZU/9.2/NS/6.0/10.7/
| 764004006 = TN/50.9/XH/15.0/ZU/9.9/ST/8.1/16.0/
| 764005001 = TN/36.8/TS/14.2/ST/11.8/NS/11.6/25.6/
| 765001001 = AF/53.8/EN/13.0/TN/10.7/ST/5.9/16.7/
| 765001002 = XH/43.3/TN/23.3/AF/20.0/ND/6.7/6.7/
| 765002001 = XH/31.3/TS/20.8/ST/15.9/ZU/15.1/16.9/
| 765002002 = ST/30.4/XH/26.9/TN/13.7/ZU/10.5/18.4/
| 765002003 = XH/41.4/TS/23.1/ST/10.5/ZU/7.7/17.3/
| 765002004 = XH/41.1/ST/18.9/TS/11.3/ZU/8.1/20.6/
| 765002005 = TN/23.2/XH/20.6/ST/18.4/TS/17.4/20.4/
| 765002006 = ZU/40.3/XH/16.8/ST/14.9/TS/9.2/18.9/
| 765002007 = TN/35.2/XH/16.9/ST/13.2/TS/12.4/22.3/
| 765002008 = TN/28.9/XH/26.6/ST/16.6/ZU/11.4/16.6/
| 765002009 = XH/41.1/ST/25.7/TS/16.0/ZU/5.5/11.8/
| 765002010 = ST/22.6/XH/19.4/EN/11.3/ZU/11.3/35.5/
| 765002011 = XH/22.5/TS/21.0/ZU/16.0/ST/16.0/24.4/
| 765003001 = AF/53.0/EN/18.7/ST/14.5/TN/5.4/8.4/
| 765004001 = AF/31.2/TN/23.7/ZU/13.9/EN/11.0/20.2/
| 765004002 = ST/32.4/AF/27.1/XH/15.2/TS/7.0/18.3/
| 765004003 = AF/38.6/TN/20.6/EN/13.9/XH/11.5/15.3/
| 765004004 = AF/36.0/XH/34.7/TN/12.0/ND/4.7/12.7/
| 765004005 = ZU/29.7/ST/14.7/TS/13.2/TN/13.2/29.2/
| 765004006 = XH/35.1/ST/17.8/AF/11.4/ZU/9.3/26.4/
| 765004007 = ST/26.1/XH/25.1/TS/16.6/ZU/13.2/18.9/
| 765005001 = ST/27.5/TN/24.8/TS/15.6/ZU/11.5/20.6/
| 765006001 = ZU/27.3/XH/18.9/EN/13.2/NS/12.3/28.2/
| 765007001 = XH/35.3/TN/23.0/ST/21.1/ZU/9.4/11.2/
| 765008001 = XH/37.7/TN/15.4/ST/12.7/AF/9.9/24.3/
| 765008002 = AF/29.4/XH/16.0/ST/14.1/TN/13.4/27.2/
| 765009001 = AF/51.6/ST/13.3/EN/12.4/TS/6.3/16.4/
| 765010001 = XH/34.7/TS/17.6/ST/15.0/ZU/9.7/23.0/
| 765011001 = AF/31.9/ST/13.0/XH/12.3/ZU/8.8/33.9/
| 765012001 = XH/24.1/AF/16.9/TS/13.8/ZU/11.0/34.3/
| 765012002 = XH/21.0/AF/18.7/ST/17.2/ZU/11.4/31.8/
| 765012003 = AF/36.0/XH/19.9/ST/10.2/TS/10.0/23.9/
| 765012004 = XH/32.0/ST/24.3/ZU/14.7/TS/13.6/15.4/
| 765013001 = XH/30.6/ST/21.1/TS/19.3/ZU/10.6/18.5/
| 765014001 = XH/40.9/ST/29.9/ZU/10.4/TS/7.3/11.4/
| 766001001 = AF/50.2/TN/18.8/ST/11.2/TS/5.4/14.3/
| 766002001 = TN/35.4/AF/15.2/NS/13.1/XH/9.1/27.3/
| 766002002 = TN/40.1/AF/24.6/ST/14.0/XH/7.6/13.6/
| 766003001 = XH/29.6/TS/24.6/ST/19.1/TN/12.6/14.1/
| 766003002 = TN/35.6/XH/24.6/ST/20.4/ZU/7.3/12.0/
| 766003003 = XH/33.4/TN/20.9/ST/18.7/TS/9.8/17.3/
| 766003004 = ST/24.8/XH/23.0/TS/22.3/ZU/10.4/19.5/
| 766003005 = TN/37.1/XH/24.8/ST/19.7/ZU/6.0/12.3/
| 766003006 = TN/31.6/ST/21.3/XH/19.5/TS/8.6/19.0/
| 766003007 = TN/36.1/XH/26.2/ST/18.2/ZU/8.2/11.4/
| 766003008 = TN/42.2/XH/25.3/ST/15.7/ZU/7.0/9.8/
| 766004001 = XH/45.0/ST/14.1/ZU/13.7/TN/9.4/17.9/
| 766004002 = /////////
| 766004003 = TN/32.8/AF/24.2/ST/9.9/XH/9.2/24.0/
| 766004004 = /////////
| 766004005 = AF/45.3/TN/10.5/EN/9.1/ST/8.4/26.7/
| 766004006 = XH/23.0/ST/16.2/AF/15.2/TN/10.7/34.9/
| 766004007 = ST/57.1/TN/28.6/ZU/14.3////
| 766004008 = AF/29.4/ST/14.6/TN/13.1/XH/12.4/30.6/
| 766004009 = AF/27.6/XH/19.4/EN/11.3/TN/10.5/31.2/
| 766004010 = AF/24.4/TN/16.5/XH/15.2/ST/14.9/29.0/
| 766004011 = ST/21.0/AF/17.4/TN/16.0/XH/13.0/32.6/
| 766004012 = AF/20.9/XH/20.6/TN/17.3/ST/15.3/26.0/
| 766004013 = AF/43.7/XH/11.9/TN/11.4/ST/11.3/21.7/
| 766004014 = AF/36.7/EN/20.0/XH/13.3/ST/9.0/21.1/
| 766004015 = XH/100.0////////
| 766004016 = AF/41.2/TN/23.5/ST/17.6/EN/5.9/11.8/
| 766005001 = AF/49.8/TN/13.9/ST/10.6/EN/10.0/15.7/
| 766005002 = AF/74.5/TN/6.6/EN/6.5/XH/4.0/8.5/
| 766005003 = AF/57.8/EN/14.4/TN/11.8/ST/6.9/9.1/
| 766006001 = XH/48.3/ST/18.3/ZU/16.0/TS/9.4/8.0/
| 766007001 = ST/28.4/XH/27.2/TS/15.0/ZU/13.8/15.6/
| 766008001 = /////////
| 766009001 = XH/42.1/ST/12.5/ZU/11.4/TS/7.8/26.1/
| 766010001 = AF/70.8/TN/12.5/ST/6.2/ZU/5.2/5.2/
| 766010002 = AF/64.5/TN/12.9/ST/6.7/XH/6.4/9.5/
| 766011001 = XH/25.3/ST/16.8/AF/15.0/ZU/12.4/30.5/
| 766012001 = XH/33.8/ST/32.2/TS/10.4/ZU/7.3/16.4/
| 766012002 = XH/33.1/ST/26.8/TS/12.8/ZU/10.5/16.9/
| 766013001 = AF/55.5/TN/12.4/EN/10.5/ST/9.6/12.0/
| 766014001 = XH/35.4/TS/17.1/ST/16.6/TN/14.0/16.9/
| 766014002 = AF/42.0/TN/15.5/ST/10.3/XH/8.8/23.4/
| 766015001 = XH/26.8/AF/15.2/TN/12.3/ST/10.5/35.2/
| 766016001 = XH/31.3/ST/28.2/TS/12.3/ZU/6.9/21.3/
| 766017001 = XH/25.2/TS/16.5/AF/13.5/TN/11.5/33.3/
| 766018001 = AF/79.8/TN/7.0/EN/6.1/ST/5.3/1.8/
| 766018002 = XH/51.9/ST/24.7/TS/8.6/AF/7.4/7.4/
| 766019001 = XH/27.6/ST/24.9/AF/11.3/TS/8.3/27.9/
| 766020001 = ST/34.5/XH/25.7/TS/12.0/SS/10.1/17.7/
| 766021001 = ST/33.1/XH/31.3/SS/8.0/ZU/7.8/19.8/
| 766021002 = XH/27.0/TN/21.6/ZU/13.5/AF/10.8/27.0/
| 766022001 = AF/44.5/XH/15.7/ST/10.6/TN/7.8/21.4/
| 766023001 = XH/43.1/ST/19.4/TN/10.6/ZU/8.1/18.7/
| 766023002 = XH/52.0/ST/20.7/ZU/7.3/EN/6.0/14.0/
| 766024001 = AF/71.3/EN/6.8/ST/6.2/TN/6.0/9.7/
| 766025001 = AF/38.8/ST/25.1/TN/14.4/XH/12.4/9.3/
| 766026001 = TN/47.9/ST/18.9/XH/15.0/EN/4.6/13.6/
| 766026002 = XH/33.3/ST/27.5/TN/23.9/ZU/3.7/11.6/
| 766026003 = ST/30.6/XH/28.4/TN/26.5/TS/3.3/11.2/
| 766026004 = XH/30.9/ST/27.4/TN/26.6/ZU/3.3/11.8/
| 766026005 = XH/30.4/TN/30.3/ST/26.4/ZU/3.3/9.6/
| 766026006 = ST/40.9/XH/26.7/TN/19.9/ZU/3.1/9.4/
| 797001001 = AF/60.9/EN/25.2/ST/2.3/ZU/2.1/9.7/
| 797001002 = AF/56.3/EN/23.0/TN/4.4/ZU/3.2/13.1/
| 797001003 = AF/56.5/EN/26.1/TN/3.6/ZU/3.5/10.2/
| 797002001 = EN/30.5/NS/18.5/ZU/13.2/XH/11.1/26.7/
| 797002002 = NS/37.4/TS/20.5/ST/8.3/ZU/7.2/26.6/
| 797002003 = ZU/20.9/NS/14.0/ST/13.7/AF/11.5/39.9/
| 797002004 = AF/28.5/NS/19.2/ZU/8.9/EN/7.8/35.6/
| 797002005 = AF/38.7/EN/30.9/ZU/4.4/NS/3.1/22.9/
| 797002006 = NS/21.4/ST/16.3/AF/16.0/ZU/10.3/36.0/
| 797002007 = AF/44.2/EN/10.4/ZU/8.8/TS/8.8/27.9/
| 797002008 = AF/20.4/NS/14.7/TS/10.5/ZU/9.6/44.8/
| 797002009 = AF/26.3/EN/16.2/NS/13.1/TS/12.1/32.3/
| 797002010 = ZU/22.8/AF/16.8/NS/12.5/EN/6.7/41.2/
| 797002011 = AF/48.8/EN/30.6/ST/6.4/ND/3.2/11.0/
| 797002012 = ZU/26.9/TS/19.5/ST/19.3/XH/12.1/22.2/
| 797003001 = ND/42.9/AF/25.4/EN/6.3/NS/6.3/19.0/
| 797004001 = AF/26.7/NS/20.0/XH/16.7/ZU/16.7/20.0/
| 797004002 = NS/30.3/ZU/18.3/TN/13.4/ST/9.6/28.4/
| 797004003 = NS/31.3/ZU/17.7/VE/9.2/ST/9.2/32.6/
| 797004004 = /////////
| 797004005 = ZU/19.3/NS/18.2/TS/14.3/ST/8.8/39.4/
| 797004006 = NS/28.2/ZU/20.1/TS/9.0/ST/8.5/34.2/
| 797004007 = AF/40.0/ST/20.0/EN/10.0/XH/10.0/20.0/
| 797004008 = NS/25.3/ST/14.5/EN/13.9/ZU/10.3/36.0/
| 797004009 = NS/26.2/ZU/20.9/TS/11.0/TN/9.9/32.0/
| 797004010 = NS/32.5/ZU/13.9/ST/11.1/TN/10.1/32.5/
| 797004011 = NS/33.7/ZU/21.6/TS/10.9/ST/9.4/24.4/
| 797004012 = ZU/33.8/EN/20.0/ND/11.2/NS/10.0/25.0/
| 797004013 = AF/23.6/EN/16.9/NS/12.8/ZU/12.6/34.2/
| 797004014 = AF/22.9/ZU/17.6/ST/11.7/NS/10.2/37.6/
| 797004015 = ZU/26.8/AF/21.4/TS/12.5/NS/10.7/28.6/
| 797004016 = /////////
| 797005001 = NS/42.1/TS/24.1/ZU/8.6/VE/4.6/20.5/
| 797005002 = NS/49.6/TS/22.7/ZU/8.0/VE/3.7/16.1/
| 797005003 = NS/49.3/TS/25.4/ZU/6.3/VE/4.0/15.0/
| 797005004 = NS/51.9/TS/19.1/ZU/7.8/VE/3.4/17.8/
| 797005005 = NS/46.6/TS/25.2/ZU/8.1/VE/4.2/15.9/
| 797005006 = NS/55.7/TS/15.8/ZU/8.1/ST/3.3/17.0/
| 797005007 = NS/35.7/ZU/21.2/ST/9.6/TS/8.1/25.4/
| 797005008 = NS/55.2/TS/15.1/ZU/8.7/ST/4.6/16.5/
| 797005009 = NS/42.8/ZU/18.0/ST/8.8/TN/6.8/23.6/
| 797005010 = NS/51.7/ZU/13.0/ST/10.6/TN/9.0/15.7/
| 797005011 = NS/58.8/ZU/11.9/ST/10.6/TN/6.2/12.6/
| 797005012 = NS/24.2/ZU/24.0/TS/16.1/ST/8.8/27.0/
| 797005013 = NS/44.0/ZU/10.8/TS/8.7/XH/7.9/28.6/
| 797005014 = NS/53.9/XH/18.0/ZU/8.0/TS/5.9/14.2/
| 797005015 = NS/46.5/ST/16.4/TN/11.2/ZU/9.0/17.0/
| 797005016 = NS/50.1/ST/15.3/TN/12.6/ZU/8.1/14.0/
| 797005017 = NS/68.8/ST/7.0/TN/6.3/ZU/5.8/12.1/
| 797005018 = NS/35.5/ZU/18.4/ST/14.1/TS/7.7/24.3/
| 797005019 = NS/28.8/ZU/24.0/TS/12.0/ST/8.4/26.7/
| 797005020 = NS/28.8/ZU/24.3/TS/18.6/ST/7.3/21.1/
| 797005021 = ZU/28.5/NS/25.7/ST/11.9/TS/10.7/23.2/
| 797005022 = ZU/31.5/NS/29.8/ST/9.2/TS/7.6/21.9/
| 797005023 = NS/35.6/ST/17.2/TN/14.1/ZU/13.5/19.6/
| 797005024 = ZU/32.8/TS/20.0/NS/18.5/ST/8.5/20.2/
| 797005025 = NS/28.2/ZU/17.6/EN/14.2/TN/12.3/27.8/
| 797005026 = NS/38.3/TN/20.6/ST/14.8/ZU/11.3/15.1/
| 797005027 = ZU/39.7/NS/23.0/ST/7.1/ND/5.7/24.5/
| 797005028 = NS/32.6/ST/20.2/TN/17.8/ZU/17.8/11.7/
| 797005029 = NS/40.3/ST/18.5/ZU/15.8/TN/6.8/18.6/
| 797005030 = NS/45.7/ZU/16.6/ST/13.5/ND/5.3/18.9/
| 797005031 = NS/49.8/ST/13.2/ZU/13.0/TN/6.3/17.7/
| 797005032 = NS/41.9/TN/12.5/ST/12.1/ZU/11.3/22.2/
| 797005033 = NS/31.1/ZU/27.3/ST/8.4/XH/7.4/25.8/
| 797005034 = TS/44.6/VE/19.9/ZU/12.1/NS/8.8/14.6/
| 797005035 = NS/30.8/ZU/23.7/TS/11.6/XH/8.4/25.4/
| 797005036 = ZU/39.2/XH/13.4/NS/11.4/ND/8.8/27.2/
| 797005037 = TS/45.1/ZU/14.9/VE/13.1/NS/9.1/17.7/
| 797005038 = NS/29.1/ZU/19.0/XH/15.6/TS/13.1/23.2/
| 797005039 = ZU/42.8/TS/12.9/XH/12.6/NS/9.8/21.9/
| 797005040 = ZU/49.6/XH/10.1/NS/9.7/TS/7.9/22.7/
| 797005041 = TS/32.4/ZU/19.8/NS/18.1/XH/7.0/22.8/
| 797005042 = ZU/28.4/EN/24.5/NS/17.6/ST/9.0/20.5/
| 797005043 = ZU/50.9/XH/9.5/TS/8.4/ND/7.4/23.8/
| 797005044 = XH/35.4/NS/22.0/TS/16.3/ZU/11.9/14.4/
| 797005045 = ZU/29.5/NS/24.8/ST/13.4/TS/7.7/24.8/
| 797005046 = NS/50.8/ST/13.3/ZU/13.1/TN/6.5/16.3/
| 797005047 = ZU/30.9/TS/26.3/NS/9.0/ST/6.8/27.0/
| 797005048 = TS/36.2/ZU/23.9/NS/10.3/VE/9.9/19.7/
| 797005049 = ZU/46.5/XH/18.0/NS/8.1/TS/6.6/20.8/
| 797005050 = ZU/34.9/XH/33.3/TS/8.1/NS/5.4/18.3/
| 797005051 = ZU/37.4/NS/15.6/TS/12.8/XH/9.4/24.9/
| 797005052 = ZU/55.8/XH/6.6/ND/6.2/TS/5.7/25.8/
| 797005053 = NS/30.5/ZU/29.2/TS/11.2/XH/6.5/22.5/
| 797005054 = ZU/45.2/NS/15.7/TS/10.0/XH/6.5/22.6/
| 797005055 = ZU/47.6/XH/15.6/ND/8.3/NS/5.8/22.7/
| 797005056 = ZU/46.1/NS/13.5/ND/11.9/XH/5.7/22.8/
| 797005057 = ZU/51.4/XH/14.5/ND/9.3/TS/5.3/19.4/
| 797005058 = NS/35.7/ZU/20.6/ST/9.6/TS/9.1/25.0/
| 797005059 = ZU/46.5/XH/11.8/NS/8.7/ND/8.3/24.6/
| 797005060 = ZU/48.2/NS/10.3/XH/8.5/ST/8.0/25.0/
| 797005061 = NS/33.2/ZU/23.3/TS/8.3/XH/6.4/28.9/
| 797005062 = NS/38.3/ZU/16.6/TS/13.9/XH/7.9/23.3/
| 797005063 = TS/27.5/NS/25.4/ZU/12.9/VE/6.9/27.2/
| 797005064 = ZU/36.9/NS/28.2/TS/9.9/ST/4.4/20.6/
| 797005065 = NS/29.6/ZU/20.9/TS/15.6/XH/10.0/23.9/
| 797006001 = NS/25.6/EN/19.3/ZU/19.1/ST/7.3/28.7/
| 797006002 = EN/27.7/AF/22.5/ZU/20.6/NS/14.0/15.1/
| 797006003 = AF/45.8/EN/22.7/NS/6.2/ZU/4.5/20.8/
| 797006004 = AF/54.7/EN/33.9/ZU/2.3/XH/1.8/7.3/
| 797006005 = AF/53.9/EN/32.1/ZU/2.6/NS/2.2/9.2/
| 797006006 = AF/59.3/EN/21.5/ZU/3.7/NS/3.4/12.1/
| 797006007 = AF/31.9/EN/23.0/ZU/11.8/NS/8.6/24.7/
| 797006008 = AF/25.3/EN/23.5/ZU/13.4/NS/10.4/27.4/
| 797006009 = NS/28.1/ZU/19.2/TS/8.9/ST/8.8/35.1/
| 797006010 = EN/22.0/ZU/21.7/AF/13.1/ST/10.7/32.5/
| 797006011 = AF/36.3/EN/30.0/ZU/8.9/NS/6.0/18.8/
| 797006012 = EN/50.0/AF/16.7/ZU/16.7/NS/8.3/8.3/
| 797006013 = NS/19.4/ZU/17.7/EN/9.6/ST/9.1/44.3/
| 797006014 = EN/30.5/AF/26.9/ZU/10.9/NS/7.0/24.7/
| 797006015 = AF/56.1/EN/30.6/ZU/3.3/NS/2.6/7.4/
| 797006016 = AF/41.7/EN/37.0/ZU/5.9/NS/3.8/11.6/
| 797006017 = AF/21.6/EN/18.4/ZU/16.7/NS/14.2/29.0/
| 797006018 = AF/46.7/EN/35.0/ZU/4.7/NS/3.8/9.8/
| 797006019 = AF/54.3/EN/29.0/ZU/3.2/NS/2.3/11.2/
| 797006020 = AF/23.6/EN/21.1/ZU/9.9/NS/7.5/37.9/
| 797006021 = AF/60.8/EN/32.6/NS/1.2///5.4/
| 797006022 = AF/50.6/EN/32.3/ZU/3.3/NS/1.7/12.1/
| 797006023 = AF/56.0/EN/34.6/NS/1.7/ST/1.5/6.2/
| 797006024 = AF/44.4/EN/12.2/NS/5.7/ZU/5.5/32.2/
| 797006025 = AF/41.4/EN/28.4/NS/6.7/ST/4.3/19.1/
| 797006026 = AF/35.8/EN/29.4/NS/7.9/ZU/5.7/21.1/
| 797006027 = AF/46.6/EN/37.8/ZU/4.4/NS/2.5/8.6/
| 797006028 = AF/39.7/EN/37.3/NS/6.4/TS/4.2/12.4/
| 797006029 = EN/31.4/AF/23.2/ZU/12.5/NS/6.6/26.3/
| 797006030 = AF/29.0/EN/26.9/ZU/10.6/NS/6.6/26.8/
| 797006031 = EN/36.8/AF/22.9/ZU/14.2/ND/3.8/22.2/
| 797006032 = ZU/24.2/NS/17.8/ND/12.7/AF/8.9/36.4/
| 797006033 = AF/31.3/EN/26.3/ZU/9.4/NS/6.2/26.8/
| 797006034 = /////////
| 797006035 = AF/55.7/EN/29.2/ZU/2.9/NS/2.7/9.4/
| 797006036 = AF/29.1/EN/24.1/NS/17.7/TN/9.5/19.6/
| 797006037 = EN/59.5/AF/16.1/ZU/5.5/NS/3.8/15.0/
| 797006038 = AF/45.5/ZU/18.2/NS/18.2/EN/9.1/9.1/
| 797006039 = ZU/33.0/NS/15.7/AF/14.8/XH/8.7/27.8/
| 797007001 = EN/70.8/AF/9.7/ZU/4.6/NS/3.5/11.4/
| 797007002 = EN/66.8/AF/17.7/ZU/5.2/TN/2.8/7.5/
| 797007003 = EN/59.7/ZU/13.2/AF/5.8/ST/4.5/16.9/
| 797007004 = EN/73.2/AF/10.0/ZU/4.2/XH/2.0/10.5/
| 797007005 = EN/68.3/AF/13.1/ZU/5.6/NS/2.1/10.9/
| 797007006 = EN/78.0/AF/11.2/ZU/1.9/XH/1.6/7.3/
| 797007007 = EN/73.4/AF/11.9/ZU/3.6/XH/2.3/8.8/
| 797007008 = EN/69.7/AF/13.1/XH/5.5/ND/3.4/8.3/
| 797007009 = EN/76.0/AF/11.5/ZU/2.3/NS/1.8/8.4/
| 797007010 = EN/61.2/AF/14.5/ZU/6.8/NS/2.8/14.7/
| 797007011 = EN/77.9/AF/8.4/ZU/2.0/NS/1.5/10.2/
| 797007012 = EN/78.4/AF/7.1/ZU/3.4/NS/1.9/9.1/
| 797007013 = EN/77.6/AF/11.6/ZU/3.1/NS/1.3/6.4/
| 797007014 = EN/77.2/AF/9.2/ZU/1.9/XH/1.3/10.4/
| 797007015 = EN/73.0/AF/15.1/ZU/3.0/XH/1.4/7.5/
| 797008001 = EN/72.8/AF/9.7/ZU/6.0/NS/2.2/9.4/
| 797008002 = EN/79.4/AF/7.9/ZU/3.0/ST/1.5/8.2/
| 797008003 = /////////
| 797008004 = AF/38.4/EN/37.9/ZU/7.3/ST/2.3/14.1/
| 797008005 = /////////
| 797008006 = NS/15.5/VE/14.8/TS/14.6/ZU/11.1/44.0/
| 797008007 = EN/20.9/ZU/17.3/TS/13.6/XH/9.1/39.1/
| 797008008 = EN/61.9/AF/17.6/ZU/5.0/ST/1.8/13.7/
| 797008009 = EN/69.3/AF/11.0/ZU/6.6/NS/1.9/11.2/
| 797008010 = /////////
| 797008011 = EN/62.2/AF/19.5/ZU/2.2/NS/1.2/14.9/
| 797008012 = EN/54.8/AF/31.9/ZU/2.3/NS/1.5/9.6/
| 797008013 = ST/57.0/EN/23.0/ZU/9.6/XH/3.7/6.7/
| 797008014 = AF/44.7/EN/31.1/ZU/6.9/NS/4.7/12.6/
| 797008015 = AF/58.8/EN/20.2/ZU/6.9/SG/5.2/9.0/
| 797008016 = EN/74.7/AF/4.1/NS/3.2/ZU/2.9/15.1/
| 797008017 = EN/68.8/AF/5.9/ZU/4.1/NS/3.8/17.4/
| 797008018 = EN/78.8/NS/4.7/AF/4.5/ZU/3.3/8.7/
| 797008019 = EN/69.6/AF/7.5/ZU/4.0/NS/2.2/16.6/
| 797008020 = EN/73.5/AF/7.5/NS/3.4/XH/1.8/13.8/
| 797008021 = EN/70.2/AF/7.4/ZU/4.9/ND/2.2/15.4/
| 797008022 = AF/54.4/EN/35.7/ZU/1.6///8.2/
| 797008023 = AF/50.6/EN/40.7/ZU/1.9/ST/1.6/5.2/
| 797008024 = AF/42.8/EN/39.0/ZU/3.9/NS/2.9/11.5/
| 797008025 = AF/35.5/EN/34.7/ZU/8.6/NS/3.1/18.0/
| 797008026 = EN/50.2/AF/34.1/ZU/3.4/NS/2.4/10.0/
| 797008027 = EN/42.9/AF/38.3/ZU/3.6/XH/1.5/13.7/
| 797008028 = EN/55.9/AF/26.6/ZU/4.5/NS/2.5/10.6/
| 797008029 = EN/64.7/AF/19.0/ZU/3.8/NS/1.7/10.9/
| 797008030 = EN/64.5/AF/23.5/TN/3.7/ST/2.0/6.4/
| 797008031 = EN/53.6/AF/13.6/ZU/8.7/XH/3.4/20.6/
| 797008032 = EN/52.0/AF/4.2/ZU/2.1/ST/1.6/40.2/
| 797008033 = AF/49.0/EN/35.3/NS/4.2/TS/2.7/8.9/
| 797008034 = AF/45.6/EN/42.1/ZU/2.0/XH/1.4/9.0/
| 797008035 = EN/67.8/AF/9.7/ZU/4.3/XH/1.9/16.2/
| 797008036 = NS/27.2/ZU/15.9/TS/13.3/XH/10.5/33.2/
| 797008037 = VE/66.7/ZU/16.7/NS/16.7////
| 797008038 = NS/18.1/XH/16.8/ZU/14.9/TN/10.1/40.0/
| 797008039 = ZU/44.3/TN/26.1/ST/11.4/XH/6.8/11.4/
| 797008040 = ZU/29.4/NS/16.5/XH/15.2/TS/9.0/29.9/
| 797008041 = EN/30.8/NS/15.4/ZU/7.7/SS/7.7/38.5/
| 797008042 = ZU/52.0/ST/16.9/TS/7.9/NS/4.5/18.6/
| 797008043 = ZU/26.1/NS/11.2/XH/9.7/ST/7.9/45.1/
| 797008044 = ZU/18.4/AF/12.9/NS/10.4/EN/8.4/49.9/
| 797008045 = VE/25.3/ZU/19.5/TS/17.5/XH/10.6/27.1/
| 797008046 = ////////100.0/
| 797008047 = XH/28.6/ZU/24.7/NS/16.4/ST/9.0/21.4/
| 797008048 = ZU/19.4/EN/13.1/AF/10.0/NS/9.1/48.4/
| 797008049 = AF/18.7/EN/18.5/ZU/15.3/NS/6.7/40.8/
| 797008050 = EN/26.3/AF/20.6/ZU/17.6/NS/5.9/29.7/
| 797008051 = EN/33.1/AF/21.8/ZU/14.5/NS/10.5/20.2/
| 797008052 = EN/40.0/AF/26.1/ZU/6.9/ST/4.4/22.6/
| 797008053 = EN/59.1/AF/22.7/ZU/4.4/TN/1.3/12.5/
| 797008054 = EN/37.2/AF/30.5/ZU/10.3/ST/5.0/16.9/
| 797008055 = EN/43.5/AF/32.7/ZU/5.5/ST/3.6/14.6/
| 797008056 = AF/47.7/EN/16.0/ZU/12.0/XH/3.7/20.6/
| 797008057 = AF/65.0/EN/16.2/ZU/4.6/ST/2.2/12.1/
| 797008058 = EN/47.2/AF/34.7/ZU/4.0/ST/3.0/11.1/
| 797008059 = EN/43.9/AF/36.5/ZU/5.8/ST/2.7/11.0/
| 797008060 = AF/42.6/EN/22.9/ZU/11.5/NS/6.2/16.8/
| 797008061 = AF/55.1/EN/32.6/ZU/3.3/TN/3.1/5.8/
| 797008062 = AF/73.7/EN/14.0/ZU/4.5/ST/3.2/4.6/
| 797008063 = AF/47.8/EN/18.2/ZU/12.9/NS/5.0/16.2/
| 797008064 = AF/36.6/EN/17.0/ZU/14.4/ST/7.5/24.5/
| 797008065 = ZU/25.2/ST/22.3/AF/9.3/EN/9.2/34.0/
| 797008066 = AF/50.8/EN/12.4/ZU/12.4/NS/6.2/18.1/
| 797008067 = EN/31.1/AF/22.4/ZU/12.6/ST/6.6/27.4/
| 797008068 = AF/35.4/EN/25.4/ZU/13.3/ST/5.1/20.8/
| 797008069 = AF/42.1/EN/38.0/ZU/7.6/ST/2.6/9.6/
| 797008070 = AF/37.0/EN/31.2/ZU/11.7/ST/4.8/15.3/
| 797008071 = NS/34.8/ZU/26.1/TS/21.7/ST/8.7/8.7/
| 797008072 = ZU/34.9/XH/16.6/ST/13.3/NS/10.6/24.5/
| 797008073 = ST/34.6/ZU/21.5/XH/14.4/TS/6.4/23.2/
| 797008074 = ZU/36.3/ST/19.7/NS/11.3/XH/11.1/21.6/
| 797008075 = XH/43.6/ZU/21.4/ST/8.5/NS/5.3/21.1/
| 797008076 = ZU/30.8/XH/28.0/NS/23.6/ST/7.5/10.1/
| 797008077 = AF/41.8/EN/38.3/ZU/5.1/ST/3.7/11.1/
| 797008078 = ZU/39.0/ST/18.3/XH/9.7/EN/9.3/23.6/
| 797009001 = ZU/25.9/XH/21.3/NS/18.3/ST/10.5/24.1/
| 797010001 = /////////
| 797010002 = EN/46.2/AF/28.4/ZU/12.9/TS/4.0/8.4/
| 797010003 = EN/44.3/AF/29.3/ZU/8.4/NS/4.6/13.3/
| 797010004 = EN/54.7/AF/37.5/ZU/1.7/NS/1.1/5.0/
| 797010005 = AF/52.9/EN/35.8/ZU/2.0/ND/1.1/8.2/
| 797010006 = AF/48.6/EN/43.9/ZU/1.4///6.0/
| 797010007 = EN/53.9/AF/28.9/ZU/2.9/NS/2.6/11.7/
| 797010008 = XH/17.6/ZU/17.6/EN/5.9///58.8/
| 797010009 = AF/31.8/EN/27.3/ZU/9.3/ST/6.2/25.4/
| 797010010 = EN/45.3/AF/41.9/ZU/1.9/NS/1.7/9.3/
| 797010011 = EN/47.1/AF/43.3/ZU/1.9///7.8/
| 797010012 = AF/36.7/EN/35.8/ZU/5.5/ST/3.9/18.1/
| 797010013 = AF/56.8/EN/23.3/ZU/3.7/ST/2.7/13.4/
| 797010014 = AF/56.0/EN/35.7/ST/1.2/NS/1.0/6.0/
| 797010015 = AF/58.7/EN/26.8/ZU/2.9/ST/1.9/9.7/
| 797010016 = AF/46.3/EN/33.4/ZU/5.3/ST/3.1/12.0/
| 797010017 = AF/72.1/EN/19.8/NS/2.3///5.8/
| 797010018 = AF/48.8/EN/24.5/ZU/4.9/ND/3.6/18.1/
| 797010019 = AF/40.9/EN/40.0/ZU/4.7/ST/1.6/12.8/
| 797010020 = ZU/14.4/EN/13.4/TS/13.4/AF/10.9/47.8/
| 797010021 = AF/50.3/EN/19.6/ZU/4.9/ND/3.0/22.2/
| 797010022 = AF/42.0/EN/30.0/ZU/4.6/NS/3.2/20.2/
| 797010023 = AF/56.8/EN/26.6/ZU/5.1/NS/2.4/9.0/
| 797010024 = AF/61.7/EN/17.5/ZU/4.4/XH/3.9/12.6/
| 797010025 = ZU/88.9/XH/2.7/NS/2.4/ST/2.2/3.9/
| 797010026 = NS/38.2/TS/17.1/ZU/11.2/XH/8.7/24.8/
| 797010027 = AF/51.7/EN/36.4/NS/3.1/ZU/2.4/6.4/
| 797010028 = ZU/30.5/XH/19.4/NS/17.2/ST/7.5/25.3/
| 797010029 = NS/34.8/TS/20.5/ZU/11.6/XH/8.1/24.9/
| 797010030 = TS/31.4/NS/27.0/XH/11.8/ZU/9.3/20.5/
| 797010031 = AF/64.6/EN/18.2/ZU/2.7/NS/2.1/12.4/
| 797010032 = AF/36.4/EN/23.4/ZU/7.2/XH/5.5/27.4/
| 797010033 = AF/100.0////////
| 797010034 = ZU/29.4/EN/14.7/ST/14.7/TS/5.9/35.3/
| 797010035 = ZU/25.5/NS/13.6/TS/10.9/EN/9.1/40.9/
| 797010036 = AF/42.5/EN/40.5/ZU/5.3/NS/1.7/10.0/
| 797010037 = XH/21.9/ZU/14.4/ST/9.6/TS/9.3/44.8/
| 797010038 = AF/41.0/ZU/16.1/EN/12.6/NS/8.0/22.3/
| 797010039 = AF/42.2/EN/28.0/ZU/8.3/TS/3.1/18.4/
| 797010040 = NS/38.5/XH/15.0/ST/14.9/ZU/11.5/20.1/
| 797010041 = AF/43.1/XH/13.4/NS/12.6/ST/7.3/23.6/
| 797010042 = XH/63.8/ST/11.7/ZU/7.8/NS/5.5/11.2/
| 797010043 = EN/52.1/AF/32.7/ZU/3.9/ST/2.5/8.8/
| 797010044 = AF/52.1/EN/40.9/ZU/1.8/ST/1.4/3.8/
| 797010045 = EN/42.8/AF/40.9/ZU/5.1/ST/3.1/8.2/
| 797010046 = EN/51.9/AF/36.2/ZU/2.8/ST/2.8/6.4/
| 797010047 = AF/45.4/EN/42.5/ZU/4.8/ST/1.7/5.6/
| 797010048 = AF/60.5/EN/21.8/ZU/5.3/ST/2.7/9.7/
| 797010049 = EN/46.5/AF/38.6/ZU/4.8/ST/2.9/7.2/
| 797010050 = AF/48.4/EN/37.3/ZU/4.4/ST/2.5/7.4/
| 797010051 = AF/27.6/EN/25.3/ZU/18.1/ST/8.3/20.8/
| 797010052 = ZU/29.9/EN/16.5/AF/13.2/ST/11.8/28.6/
| 797010053 = ZU/29.5/AF/15.7/ST/14.4/NS/10.2/30.3/
| 797010054 = EN/20.0/ZU/20.0/XH/16.9/NS/13.8/29.2/
| 797010055 = ZU/33.5/ST/17.1/EN/11.4/NS/10.2/27.7/
| 797010056 = EN/50.0/AF/25.0/ZU/25.0////
| 797010057 = ZU/35.9/ST/16.5/EN/11.6/NS/9.9/26.2/
| 797010058 = /////////
| 797010059 = ZU/40.2/ST/17.7/NS/15.9/XH/9.6/16.6/
| 797010060 = ZU/25.7/ST/17.2/AF/15.9/TS/11.1/30.1/
| 797010061 = ZU/28.1/XH/26.0/NS/12.1/ST/11.5/22.4/
| 797010062 = ZU/36.1/XH/24.3/NS/12.8/ST/7.8/19.0/
| 797010063 = ZU/42.0/ST/16.7/TS/12.1/XH/12.1/17.1/
| 797011001 = AF/44.3/EN/34.0/ZU/5.2/NS/4.7/11.8/
| 797011002 = AF/42.8/EN/30.4/ZU/5.8/NS/4.5/16.5/
| 797011003 = AF/27.8/ZU/17.7/EN/16.4/NS/8.8/29.3/
| 797011004 = AF/39.5/EN/20.5/ZU/10.5/NS/7.3/22.3/
| 797011005 = /////////
| 797011006 = AF/38.3/EN/18.0/ZU/17.2/ST/6.1/20.5/
| 797011007 = AF/60.3/ZU/8.6/EN/5.2/ST/3.4/22.4/
| 797011008 = ZU/47.8/NS/14.9/XH/7.7/TS/7.2/22.4/
| 797011009 = ZU/32.0/TS/19.2/NS/10.7/ST/6.5/31.6/
| 797011010 = ZU/35.4/TS/18.2/NS/17.6/XH/6.6/22.2/
| 797011011 = EN/34.2/AF/32.9/ZU/4.7/NS/4.1/24.1/
| 797011012 = AF/39.5/EN/30.3/ZU/5.0/NS/4.0/21.2/
