<includeonly>{{ {{{|safesubst:}}}#switch: {{{1}}}
| 760001 = ZU/41.9/ST/26.6/TN/9.5/XH/7.0/15.1/
| 760002 = ST/60.7/ZU/19.5/XH/7.2/TN/2.8/9.8/
| 760003 = ST/48.1/ZU/27.2/XH/9.1/TN/3.9/11.7/
| 760004 = ST/64.6/ZU/14.7/XH/10.3/TN/2.2/8.2/
| 760005 = ST/70.0/ZU/10.2/XH/9.5/SG/1.9/8.4/
| 760006 = ST/41.7/AF/32.1/XH/7.1/ZU/6.6/12.6/
| 760007 = ST/48.4/ZU/15.9/NS/9.3/TN/7.9/18.4/
| 760008 = AF/51.0/ST/19.9/EN/10.0/ZU/4.9/14.2/
| 760009 = AF/34.9/ST/26.2/EN/15.5/ZU/8.3/15.2/
| 760010 = ST/69.9/XH/9.8/ZU/9.5/TS/2.0/8.9/
| 760011 = ST/53.1/XH/15.6/ZU/14.5/NS/4.8/12.0/
| 760012 = ST/76.4/XH/6.8/ZU/6.5/TN/3.1/7.3/
| 760013 = ST/69.4/XH/10.7/ZU/9.3/AF/1.7/9.0/
| 760014 = ST/45.0/AF/30.4/EN/11.9/ZU/5.3/7.3/
| 761001 = ZU/21.4/NS/16.2/AF/12.3/EN/11.0/39.0/
| 761002 = ST/33.0/AF/22.2/EN/15.2/ZU/12.8/16.8/
| 761003 = ST/36.4/AF/19.4/EN/12.7/ZU/8.9/22.6/
| 761004 = EN/34.5/AF/18.2/ZU/14.9/ST/13.0/19.4/
| 761005 = ST/23.7/ZU/21.0/EN/16.9/AF/16.7/21.7/
| 761006 = AF/42.2/ST/23.2/EN/11.9/ZU/9.1/13.7/
| 761007 = EN/52.7/AF/23.7/ST/4.1/ZU/3.4/16.1/
| 761008 = ST/62.0/ZU/21.5/XH/6.0/TS/2.1/8.5/
| 761009 = ST/53.2/AF/18.2/EN/13.6/ZU/7.1/7.8/
| 761010 = ST/55.3/ZU/15.4/XH/6.2/TS/1.7/21.4/
| 761011 = EN/26.2/AF/25.5/ST/19.1/ZU/8.7/20.5/
| 762001 = AF/59.4/ZU/13.6/EN/11.7/ND/3.4/11.9/
| 762002 = ZU/66.7/ND/8.4/XH/4.4/ST/3.4/17.1/
| 762003 = AF/41.4/ZU/21.0/EN/15.3/ND/3.8/18.5/
| 762004 = ZU/32.9/AF/32.8/ST/11.4/EN/6.0/16.9/
| 762005 = ZU/73.9/ND/11.8/ST/5.9/XH/2.9/5.5/
| 762006 = AF/41.9/ZU/26.2/EN/11.6/ND/7.0/13.4/
| 762007 = TN/19.0/NS/18.1/AF/16.2/ZU/16.2/30.5/
| 762008 = ZU/75.1/ST/14.1/NS/4.3/AF/2.2/4.3/
| 762009 = ZU/52.1/NS/14.6/AF/11.5/ND/5.2/16.7/
| 762010 = AF/67.9/EN/14.3/ZU/7.8/ST/6.2/3.8/
| 762011 = AF/59.2/ZU/14.7/EN/10.8/ST/5.8/9.5/
| 762012 = ZU/47.6/ST/17.4/AF/13.6/XH/5.6/15.8/
| 762013 = AF/73.4/ZU/9.2/EN/4.6/ST/2.8/10.1/
| 762014 = AF/37.6/ZU/25.0/ST/18.4/EN/8.6/10.4/
| 762015 = ZU/50.6/ST/35.5/XH/5.0/EN/1.5/7.3/
| 763001 = TN/34.1/AF/11.0/ZU/10.2/EN/10.1/34.6/
| 763002 = EN/24.7/ZU/14.2/AF/13.0/TN/12.8/35.3/
| 763003 = ZU/19.0/TN/14.7/VE/12.9/XH/8.7/44.7/
| 763004 = AF/42.0/EN/19.5/TN/14.5/ZU/4.8/19.2/
| 763005 = TN/67.2/ZU/6.7/XH/6.5/ST/5.3/14.3/
| 763006 = TN/59.3/ZU/9.1/EN/7.8/AF/4.8/18.9/
| 763007 = TN/70.1/XH/5.1/ZU/4.5/ST/3.9/16.4/
| 763008 = AF/41.9/EN/38.0/TN/13.7/ZU/1.8/4.6/
| 763009 = TN/33.0/AF/21.9/EN/8.9/NS/8.9/27.3/
| 763010 = TN/47.6/ZU/14.7/XH/12.1/ST/6.9/18.6/
| 763011 = TN/24.7/ZU/22.3/XH/18.9/TS/11.8/22.3/
| 764001 = TN/25.2/XH/19.5/ST/13.6/ZU/13.1/28.6/
| 764002 = AF/52.1/TN/18.4/EN/7.6/ST/5.1/16.8/
| 764003 = TN/46.3/AF/11.8/ST/9.1/TS/7.9/24.9/
| 764004 = TN/55.0/XH/12.6/ZU/9.3/ST/7.2/15.9/
| 764005 = TN/36.8/TS/14.2/ST/11.8/NS/11.6/25.6/
| 765001 = AF/53.0/EN/12.7/TN/11.0/XH/6.4/16.9/
| 765002 = XH/30.5/ST/19.3/TN/16.0/TS/13.9/20.3/
| 765003 = AF/53.0/EN/18.7/ST/14.5/TN/5.4/8.4/
| 765004 = ST/19.0/ZU/18.4/XH/17.4/TS/10.7/34.5/
| 765005 = ST/27.5/TN/24.8/TS/15.6/ZU/11.5/20.6/
| 765006 = ZU/27.3/XH/18.9/EN/13.2/NS/12.3/28.2/
| 765007 = XH/35.3/TN/23.0/ST/21.1/ZU/9.4/11.2/
| 765008 = AF/28.8/XH/16.6/ST/14.0/TN/13.4/27.1/
| 765009 = AF/51.6/ST/13.3/EN/12.4/TS/6.3/16.4/
| 765010 = XH/34.7/TS/17.6/ST/15.0/ZU/9.7/23.0/
| 765011 = AF/31.9/ST/13.0/XH/12.3/ZU/8.8/33.9/
| 765012 = XH/25.6/ST/17.3/AF/13.7/TS/12.6/30.9/
| 765013 = XH/30.6/ST/21.1/TS/19.3/ZU/10.6/18.5/
| 765014 = XH/40.9/ST/29.9/ZU/10.4/TS/7.3/11.4/
| 766001 = AF/50.2/TN/18.8/ST/11.2/TS/5.4/14.3/
| 766002 = TN/40.0/AF/24.5/ST/13.9/XH/7.7/13.9/
| 766003 = TN/34.8/XH/25.0/ST/19.3/ZU/7.3/13.6/
| 766004 = AF/24.9/XH/19.8/TN/13.2/ST/13.2/28.9/
| 766005 = AF/55.4/TN/12.3/EN/10.8/ST/8.6/12.9/
| 766006 = XH/48.3/ST/18.3/ZU/16.0/TS/9.4/8.0/
| 766007 = ST/28.4/XH/27.2/TS/15.0/ZU/13.8/15.6/
| 766008 = /////////
| 766009 = XH/42.1/ST/12.5/ZU/11.4/TS/7.8/26.1/
| 766010 = AF/64.7/TN/12.9/ST/6.7/XH/6.2/9.5/
| 766011 = XH/25.3/ST/16.8/AF/15.0/ZU/12.4/30.5/
| 766012 = XH/33.5/ST/30.4/TS/11.1/ZU/8.4/16.6/
| 766013 = AF/55.5/TN/12.4/EN/10.5/ST/9.6/12.0/
| 766014 = XH/24.3/AF/18.0/TN/14.6/ST/14.0/29.1/
| 766015 = XH/26.8/AF/15.2/TN/12.3/ST/10.5/35.2/
| 766016 = XH/31.3/ST/28.2/TS/12.3/ZU/6.9/21.3/
| 766017 = XH/25.2/TS/16.5/AF/13.5/TN/11.5/33.3/
| 766018 = AF/49.7/XH/21.5/ST/13.3/EN/5.1/10.3/
| 766019 = XH/27.6/ST/24.9/AF/11.3/TS/8.3/27.9/
| 766020 = ST/34.5/XH/25.7/TS/12.0/SS/10.1/17.7/
| 766021 = ST/32.7/XH/31.2/ZU/7.9/SS/7.9/20.4/
| 766022 = AF/44.5/XH/15.7/ST/10.6/TN/7.8/21.4/
| 766023 = XH/45.5/ST/19.8/TN/9.3/ZU/7.9/17.5/
| 766024 = AF/71.3/EN/6.8/ST/6.2/TN/6.0/9.7/
| 766025 = AF/38.8/ST/25.1/TN/14.4/XH/12.4/9.3/
| 766026 = XH/28.8/TN/28.4/ST/28.0/ZU/3.4/11.4/
| 797001 = AF/59.1/EN/25.1/TN/2.8/ZU/2.6/10.4/
| 797002 = NS/17.0/ZU/15.6/AF/12.9/TS/11.1/43.4/
| 797003 = ND/42.9/AF/25.4/EN/6.3/NS/6.3/19.0/
| 797004 = NS/25.6/ZU/18.1/ST/9.2/TS/8.6/38.6/
| 797005 = NS/33.1/ZU/21.7/TS/13.3/XH/7.0/24.9/
| 797006 = AF/35.0/EN/26.2/ZU/8.6/NS/7.8/22.4/
| 797007 = EN/72.2/AF/11.6/ZU/4.0/NS/2.0/10.2/
| 797008 = EN/24.3/AF/16.6/ZU/16.6/XH/9.4/33.1/
| 797009 = ZU/25.9/XH/21.3/NS/18.3/ST/10.5/24.1/
| 797010 = AF/28.5/EN/18.6/ZU/14.8/NS/9.1/29.0/
| 797011 = EN/41.0/AF/19.3/ZU/17.1/NS/5.3/17.3/
| 797012 = ZU/44.9/TS/12.9/NS/12.1/ST/7.3/22.7/
| 797013 = ST/66.7/ZU/33.3//////
| 797014 = ZU/37.2/NS/13.3/XH/11.8/ST/10.5/27.2/
| 797015 = ZU/35.1/NS/16.0/XH/13.5/ST/11.4/24.1/
| 797016 = AF/43.7/EN/17.4/ZU/10.9/NS/6.1/21.9/
| 797017 = ZU/30.9/NS/14.0/ST/10.6/XH/9.1/35.4/
| 797018 = AF/30.2/ZU/20.6/EN/15.7/NS/8.0/25.4/
| 797019 = ZU/34.0/NS/22.1/TS/11.8/XH/9.0/23.1/
| 797020 = ZU/35.8/XH/29.5/ST/9.9/TS/6.7/18.0/
| 797021 = ZU/47.8/ST/13.0/NS/10.4/XH/7.3/21.6/
| 797022 = AF/47.2/EN/16.5/ZU/14.3/ST/4.8/17.2/
| 797023 = ZU/55.6/XH/8.5/ST/7.7/NS/7.7/20.5/
| 797024 = ZU/46.2/NS/11.9/TS/10.4/XH/8.8/22.7/
| 797025 = AF/39.1/ZU/31.4/EN/9.2/ST/5.4/14.9/
| 797026 = ZU/57.9/ST/10.1/NS/7.5/XH/6.6/18.0/
| 797027 = ZU/64.7/ST/16.2/XH/5.8/NS/2.6/10.7/
| 797028 = AF/43.5/ZU/23.3/EN/16.1/ST/5.3/11.8/
| 797029 = AF/42.4/EN/34.6/ZU/6.9/ST/5.1/11.0/
| 797030 = ZU/40.2/ST/21.5/XH/18.4/NS/5.4/14.5/
| 797031 = ZU/37.1/ST/22.4/XH/13.1/TS/9.7/17.7/
| 797032 = ZU/46.8/ST/18.0/XH/8.2/NS/7.3/19.7/
| 797033 = ZU/28.2/ST/18.6/XH/10.2/NS/9.6/33.4/
| 797034 = NS/47.8/ZU/17.7/TS/7.4/ST/7.3/19.8/
| 798001 = NS/24.0/TN/13.4/ZU/12.2/VE/12.0/38.3/
| 798002 = EN/15.7/ZU/14.6/ST/12.2/AF/11.4/46.1/
| 798003 = NS/22.8/ZU/19.9/TS/10.5/ND/10.5/36.3/
| 798004 = EN/50.1/ZU/10.2/AF/6.9/XH/5.4/27.4/
| 798005 = NS/30.5/ZU/21.2/TS/10.4/XH/8.2/29.6/
| 798006 = NS/23.3/TS/22.5/ZU/21.4/XH/7.4/25.4/
| 798007 = NS/29.9/ZU/23.3/TN/7.9/TS/7.7/31.2/
| 798008 = NS/32.0/ZU/16.2/TS/9.7/AF/8.9/33.1/
| 798009 = NS/24.1/ZU/19.0/XH/15.8/TS/9.9/31.2/
| 798010 = /////////
| 798011 = EN/50.5/AF/10.6/ZU/9.7/ND/7.2/22.0/
| 798012 = EN/65.0/AF/5.0/ZU/4.1/NS/2.2/23.7/
| 798013 = EN/63.9/AF/7.4/ZU/6.3/NS/3.2/19.2/
| 798014 = ZU/26.3/NS/23.1/TS/11.3/XH/9.8/29.6/
| 798015 = EN/31.1/ZU/19.6/AF/12.1/XH/5.2/31.9/
| 798016 = EN/52.0/AF/17.6/ZU/6.6/TN/4.1/19.6/
| 798017 = EN/47.9/AF/12.1/ZU/7.4/NS/5.8/26.9/
| 798018 = EN/38.2/VE/12.1/NS/11.6/ZU/11.0/27.2/
| 798019 = NS/19.4/TN/15.9/ZU/15.4/TS/10.1/39.3/
| 798020 = /////////
| 798021 = NS/22.1/VE/15.1/TN/13.2/ZU/11.4/38.2/
| 798022 = EN/29.8/AF/24.0/ZU/9.0/TN/8.8/28.4/
| 798023 = EN/34.2/AF/28.6/ST/8.2/ZU/7.1/21.9/
| 798024 = TN/33.8/ZU/17.7/XH/11.0/ST/9.1/28.4/
| 798025 = ZU/26.5/TN/22.4/XH/12.3/TS/12.3/26.6/
| 798026 = ZU/37.1/ST/15.5/TN/12.9/TS/8.9/25.7/
| 798027 = /////////
| 798028 = EN/55.4/ZU/8.8/TN/8.2/ST/6.4/21.2/
| 798029 = ZU/43.0/ST/13.7/TS/12.1/XH/10.9/20.3/
| 798030 = EN/34.2/ZU/20.2/ST/9.8/TN/6.8/29.0/
| 798031 = ZU/38.2/ST/17.8/TS/10.4/XH/9.5/24.1/
| 798032 = EN/53.1/ZU/12.9/ST/8.6/XH/6.0/19.5/
| 798033 = AF/19.6/EN/18.4/ZU/17.6/ST/16.1/28.3/
| 798034 = ZU/44.5/ST/29.1/XH/9.5/TS/4.1/12.8/
| 798035 = ZU/42.2/ST/28.0/XH/8.3/TS/7.0/14.5/
| 798036 = ZU/39.3/ST/34.2/XH/9.2/TS/4.0/13.3/
| 798037 = ST/48.6/ZU/30.8/XH/8.2/TN/2.9/9.5/
| 798038 = ZU/28.8/ST/20.7/TS/13.7/XH/8.9/28.0/
| 798039 = ZU/35.8/XH/22.6/ST/20.3/TS/5.6/15.7/
| 798040 = ST/38.0/ZU/19.9/XH/18.8/TS/9.1/14.3/
| 799001 = /////////
| 799002 = TN/29.6/NS/22.1/TS/19.1/ND/11.1/18.2/
| 799003 = ST/15.9/NS/4.3/EN/2.9/TN/2.9/73.9/
| 799004 = TN/30.8/NS/23.9/TS/18.4/ND/8.7/18.1/
| 799005 = TN/36.3/NS/24.2/TS/19.4/ND/5.1/14.9/
| 799006 = NS/35.0/TS/27.0/TN/13.1/ZU/11.7/13.1/
| 799007 = TN/36.2/TS/22.4/NS/20.6/ND/8.0/12.9/
| 799008 = TN/49.4/NS/15.6/TS/11.5/ND/7.1/16.3/
| 799009 = TN/29.3/NS/22.0/TS/20.5/ND/8.2/20.1/
| 799010 = NS/33.7/TN/31.1/TS/13.5/ST/5.0/16.7/
| 799011 = TN/27.5/TS/21.8/NS/21.1/ND/6.2/23.3/
| 799012 = TN/46.2/NS/18.1/TS/14.7/ST/4.3/16.7/
| 799013 = AF/61.5/EN/8.5/NS/6.9/TS/5.6/17.4/
| 799014 = AF/52.8/TS/8.2/TN/7.4/EN/5.6/26.0/
| 799015 = AF/63.9/EN/7.2/NS/6.5/TS/4.7/17.6/
| 799016 = AF/52.4/EN/9.7/NS/9.4/TS/6.2/22.3/
| 799017 = AF/41.8/NS/20.6/ND/8.5/EN/5.8/23.4/
| 799018 = AF/38.9/NS/17.1/EN/7.3/ST/6.5/30.1/
| 799019 = AF/46.6/NS/13.4/TN/7.0/TS/6.6/26.4/
| 799020 = AF/50.4/NS/8.6/EN/7.5/TS/5.8/27.8/
| 799021 = NS/28.2/TN/16.7/TS/15.1/ZU/13.6/26.5/
| 799022 = TS/29.9/TN/28.8/NS/17.9/ZU/8.9/14.5/
| 799023 = TN/27.6/NS/22.3/TS/21.5/ND/10.4/18.2/
| 799024 = TN/33.2/TS/24.4/NS/16.7/ZU/7.7/18.0/
| 799025 = TN/58.3/NS/14.0/TS/10.1/ZU/4.2/13.3/
| 799026 = ND/28.7/AF/22.7/ZU/10.5/NS/9.9/28.2/
| 799027 = AF/81.6/EN/6.0/NS/4.9/TN/3.0/4.5/
| 799028 = AF/29.8/NS/29.3/ST/14.2/ND/11.0/15.7/
| 799029 = TS/21.9/TN/19.9/ZU/19.1/NS/11.5/27.6/
| 799030 = TN/58.8/NS/9.9/TS/8.5/ZU/5.6/17.2/
| 799031 = TN/43.7/NS/18.6/TS/18.4/ND/8.8/10.6/
| 799032 = TN/30.2/ND/24.4/ZU/11.7/NS/11.2/22.5/
| 799033 = TN/41.4/NS/17.5/TS/15.3/ST/6.6/19.2/
| 799034 = TN/69.2/NS/8.2/TS/4.2/ZU/3.8/14.6/
| 799035 = AF/47.7/EN/16.4/NS/8.0/TN/5.4/22.5/
| 799036 = AF/33.4/EN/14.0/NS/13.5/TS/11.0/28.0/
| 799037 = TN/23.8/AF/23.3/NS/12.4/EN/9.9/30.6/
| 799038 = ND/70.6/ZU/8.9/ST/5.6/NS/5.1/9.7/
| 799039 = AF/69.0/EN/11.7/TN/5.3/NS/3.6/10.3/
| 799040 = AF/60.3/EN/18.2/NS/7.7/ZU/2.9/11.0/
| 799041 = AF/67.2/EN/15.4/NS/6.7/ZU/2.0/8.7/
| 799042 = AF/34.2/NS/24.7/TS/6.5/ZU/6.3/28.3/
| 799043 = NS/29.1/AF/27.9/ND/8.2/TS/7.3/27.5/
| 799044 = AF/53.6/NS/12.2/EN/8.5/ND/5.0/20.6/
| 799045 = AF/32.1/NS/26.5/TN/12.7/ZU/8.8/19.8/
| 799046 = NS/42.3/ZU/12.2/TS/10.7/ND/8.8/26.0/
| 799047 = AF/77.5/EN/10.5/NS/2.7/ND/2.0/7.3/
| 799048 = NS/51.6/ZU/9.8/ND/9.3/ST/6.8/22.5/
| 799049 = AF/48.9/NS/15.6/EN/9.2/ST/5.9/20.3/
| 799050 = AF/58.6/NS/11.1/EN/7.8/ND/4.0/18.5/
| 799051 = NS/28.4/ZU/12.8/AF/12.1/TS/11.8/35.0/
| 799052 = NS/24.9/TS/13.5/ND/9.4/VE/6.1/45.9/
| 799053 = NS/35.3/ZU/13.1/TS/9.1/ND/7.7/34.8/
| 799054 = ZU/33.4/ND/28.6/NS/15.2/ST/5.8/17.0/
| 799055 = ZU/31.9/ND/30.5/NS/13.0/ST/7.9/16.7/
| 799056 = NS/41.4/TN/16.7/ST/12.3/ZU/7.2/22.4/
| 799057 = NS/45.1/TS/15.5/ZU/7.0/TN/6.9/25.5/
| 799058 = EN/77.4/AF/11.9/NS/2.1/ND/1.1/7.4/
| 799059 = AF/49.4/EN/26.0/NS/5.2/TN/3.7/15.6/
| 799060 = EN/44.4/AF/18.5/TN/14.8/ZU/11.1/11.1/
| 799061 = ND/29.6/ZU/27.9/NS/13.2/ST/5.9/23.3/
| 799062 = AF/42.8/ND/12.6/ZU/11.6/NS/8.9/24.0/
| 799063 = AF/48.1/ND/12.1/NS/7.2/ZU/6.2/26.4/
| 799064 = AF/38.1/ND/22.0/ZU/8.9/EN/6.9/24.2/
| 799065 = AF/54.3/EN/24.6/NS/3.5/ZU/3.4/14.2/
| 799066 = AF/36.0/NS/12.6/TS/10.8/EN/7.4/33.2/
| 799067 = ND/25.2/AF/23.6/NS/16.2/EN/11.7/23.3/
| 799068 = AF/50.0/NS/13.9/EN/7.2/ND/6.1/22.8/
| 799069 = AF/90.0/EN/3.3/////6.7/
| 799070 = AF/53.1/EN/16.0/NS/6.7/ST/6.1/18.2/
| 799071 = AF/46.7/EN/17.5/NS/6.2/ZU/4.5/25.2/
| 799072 = AF/47.0/ND/10.5/EN/9.7/NS/8.7/24.1/
| 799073 = ND/66.7/AF/33.3//////
| 799074 = AF/41.6/ND/19.9/EN/10.5/ZU/9.6/18.3/
| 799075 = AF/50.6/EN/13.8/ND/7.7/NS/6.2/21.6/
| 799076 = AF/38.7/EN/21.0/ZU/7.6/NS/6.3/26.4/
| 799077 = ZU/26.8/ND/20.1/NS/18.2/TS/10.5/24.3/
| 799078 = NS/32.6/ZU/14.2/ND/8.0/XH/7.1/38.1/
| 799079 = /////////
 |#default= <strong class="error">Invalid Data-key<tt>{{{1}}}</tt></strong>[[Category:Template:Data population/Error]]
}}</includeonly><noinclude>
[[Category:南非地區資料模板]]
</noinclude>